%% problema flujo máximo 18/04/2016
% Modelo:
% Max Z = x12 + x13 
% s.t:
% -x12 -x32 +x23 + x24 + x26 = 0 (2)
% -x13 -x23 +x32 +x36 + x35 = 0 (3)
% -x24 -x64 +x46 + x47 = 0 (4)
% -x35 -x65 + x56 + x57 = 0 (5)
% -x36 -x26 -x46 -x56 + x65 + x64 + x67 = 0 (6)
%% Resolución:
%     x12  x13  x23  x24  x26  x32  x35  x36  x46  x47  x56  x57  x64  x65  x67
f=[1    1    0    0    0    0    0    0    0    0    0    0    0    0    0];

Aeq=[-1     0    1    1    1   -1    0    0    0    0    0    0    0    0    0%2
      0    -1   -1    0    0    1    1    1    0    0    0    0    0    0    0%3
      0     0    0   -1    0    0    0    0    1    1    0    0   -1    0    0%4
      0     0    0    0    0    0   -1    0    0    0    1    1    0   -1    0%5
      0     0    0    0   -1    0    0   -1   -1    0   -1    0    1    1    1];%6
beq = [0;0;0;0;0];
lb = zeros(1,15);
ub=[10;10;1;3;6;1;5;4;3;7;2;8;3;2;9];
intcon=[1:15];
[x, fval] = intlinprog(-f,intcon,[],[],Aeq,beq,lb,ub)
%% Solución:
% x =
%      9
%      9
%      0
%      3
%      6
%      0
%      5
%      4
%      0
%      4
%      0
%      5
%      1
%      0
%      9
% fval =
%    -18